g.bmp
Car 001 177 231 34 31
Car 002 230 241 36 29
Car 003 271 258 40 31
Car 004 278 231 34 28
Car 005 243 211 33 27
Car 006 145 212 30 26
Car 007 84 253 42 34
Car 008 36 288 49 40
Car 009 33 348 63 28
Car 010 143 321 60 45
Car 011 215 331 64 44
Car 012 292 205 32 30
Car 013 304 189 28 26
Car 014 270 181 27 19
Car 015 243 171 26 19
Car 016 314 181 20 15
Car 017 284 172 23 17
Car 018 328 163 19 20
Car 019 403 230 36 37
Car 020 470 252 39 33
Car 021 418 273 49 38
Car 022 433 317 54 47
Car 023 510 312 52 45
Car 024 445 214 31 26
Car 025 387 175 25 26
Car 026 396 204 29 20
Car 027 402 221 26 25
Car 028 438 199 26 26
Car 029 427 179 23 26
Car 030 469 185 21 20
Car 031 462 176 20 17
Car 032 484 202 19 22
Car 033 584 296 47 33
Car 034 311 154 17 13
Truck 035 186 174 52 61
Truck 036 492 171 62 86
Truck 037 261 133 34 44